S10HYACT 1 2 5 1 0 142 17 2824 1 1 00000000 2BC851A6 00000000 00000000 00000000 00000000 26CD206A 41A00000
S10HYACT 1 73 3 1 1 113 12 1418 0 1 3078B436 00000000 B078B436 43C80000 AC1F2BA8 2C1F2BA8 00000000 41A00000
S10HYACT 1 73 3 1 1 115 12 1418 0 1 2AC35937 00000000 AAC35937 43C80000 A67A0BCC 267A0BCC 00000000 41A00000
S10HYACT 1 73 3 1 1 113 11 1418 0 1 3749144D 00000000 B749144D 4460FFE7 B264C8B1 3264C8B1 00000000 41A00000
S10HYACT 1 73 3 1 1 115 11 1418 0 1 34BCC8D6 00000000 B4BCC8D6 4460FFFF AFD6CB7B 2FD6CB7B 00000000 41A00000
S10HYACT 1 73 3 1 1 113 10 1418 0 1 38A7533F 00000000 B8A7533F 4460FFFE B3BE60FF 33BE60FF 00000000 41A00000
S10HYACT 1 73 3 1 1 115 10 1418 0 1 361DE43E 00000000 B61DE43E 44610000 B133A541 3133A541 00000000 41A00000
S10HYACT 1 73 3 1 1 113 9 1418 0 1 38F2174B 00000000 B8F2174B 44610000 B409B90E 3409B90E 00000000 41A00000
S10HYACT 1 73 3 1 1 115 9 1418 0 1 364865AD 00000000 B64865AD 44610000 B16401E8 316401E8 00000000 41A00000
S10HYACT 1 73 3 1 1 113 8 1418 0 1 3904935E 00000000 B904935E 4460FFFF B416D776 3416D776 00000000 41A00000
S10HYACT 1 73 3 1 1 115 8 1418 0 1 36327F68 00000000 B6327F68 44610000 B14B1738 314B1738 00000000 41A00000
S10HYACT 1 73 3 1 1 113 7 1418 0 1 39008A38 00000000 B9008A38 44610000 B4123FF7 34123FF7 00000000 41A00000
S10HYACT 1 73 3 1 1 115 7 1418 0 1 35F78466 00000000 B5F78466 44610000 B10CCF4D 310CCF4D 00000000 41A00000
S10HYACT 1 73 3 1 1 113 6 1418 0 1 38F0BB8A 00000000 B8F0BB8A 4460FFFE B408F33A 3408F33A 00000000 41A00000
S10HYACT 1 73 3 1 1 115 6 1418 0 1 35910C96 00000000 B5910C96 4460FFFF B0A508A2 30A508A2 00000000 41A00000
S10HYACT 1 73 3 1 1 113 5 1418 0 1 38E72FD8 00000000 B8E72FD8 44610000 B4038508 34038508 00000000 41A00000
S10HYACT 1 73 3 1 1 115 5 1418 0 1 356917B4 00000000 B56917B4 4460FFFF B0849A92 30849A92 00000000 41A00000
S10HYACT 1 73 3 1 1 113 4 1418 0 1 38E41C1A 00000000 B8E41C1A 4460FFFF B401C4E5 3401C4E5 00000000 41A00000
S10HYACT 1 73 3 1 1 115 4 1418 0 1 34F85261 00000000 B4F85261 4460FFFF B00D447C 300D447C 00000000 41A00000
S10HYACT 1 73 3 1 1 113 3 1418 0 1 38E42308 00000000 B8E42308 44610000 B401C8D6 3401C8D6 00000000 41A00000
S10HYACT 1 73 3 1 1 115 3 1418 0 1 33332CAC 00000000 B3332CAC 445CBC55 AE4FCC91 2E4FCC91 00000000 41A00000
S10HYACT 1 73 3 1 1 113 2 1418 0 1 38E44B71 00000000 B8E44B71 44610000 B401DFD3 3401DFD3 00000000 41A00000
S10HYACT 1 73 3 1 1 115 2 1418 0 1 3027C814 00000000 B027C814 43C80001 ABD6C2A8 2BD6C2A8 00000000 41A00000
S10HYACT 1 73 3 1 1 113 1 1418 0 1 38E390A5 00000000 B8E390A5 4460FFFE B4017590 34017590 00000000 41A00000
S10HYACT 1 73 3 1 1 115 1 1418 0 1 3013B30F 00000000 B013B30F 43C80001 ABBD0E27 2BBD0E27 00000000 41A00000
S10HYACT 1 73 5 1 0 113 1 2915 1 1 00000000 00000000 00000000 00000000 00000000 00000000 00000000 41A00000
S10HYACT 1 73 5 1 0 113 1 2916 1 1 00000000 00000000 00000000 00000000 00000000 00000000 00000000 41A00000
S10HYACT 1 73 5 1 0 115 1 2915 1 1 00000000 00000000 00000000 00000000 00000000 00000000 00000000 41A00000
S10HYACT 1 73 5 1 0 115 1 2916 1 1 00000000 00000000 00000000 00000000 00000000 00000000 00000000 41A00000
S10HYACT 1 73 5 1 0 113 2 2915 1 1 00000000 00000000 00000000 00000000 00000000 00000000 00000000 41A00000
S10HYACT 1 73 5 1 0 113 2 2916 1 1 00000000 00000000 00000000 00000000 00000000 00000000 00000000 41A00000
S10HYACT 1 73 5 1 0 115 2 2915 1 1 00000000 00000000 00000000 00000000 00000000 00000000 00000000 41A00000
S10HYACT 1 73 5 1 0 115 2 2916 1 1 00000000 00000000 00000000 00000000 00000000 00000000 00000000 41A00000
S10HYACT 1 73 5 1 0 113 3 2915 1 1 00000000 00000000 00000000 00000000 00000000 00000000 00000000 41A00000
S10HYACT 1 73 5 1 0 113 3 2916 1 1 00000000 00000000 00000000 00000000 00000000 00000000 00000000 41A00000
S10HYACT 1 73 5 1 0 115 3 2915 1 1 00000000 00000000 00000000 00000000 00000000 00000000 00000000 41A00000
S10HYACT 1 73 5 1 0 115 3 2916 1 1 00000000 00000000 00000000 00000000 00000000 00000000 00000000 41A00000
S10HYACT 1 73 5 1 0 113 4 2915 1 1 00000000 00000000 00000000 00000000 00000000 00000000 00000000 41A00000
S10HYACT 1 73 5 1 0 113 4 2916 1 1 00000000 00000000 00000000 00000000 00000000 00000000 00000000 41A00000
S10HYACT 1 73 5 1 0 115 4 2915 1 1 00000000 00000000 00000000 00000000 00000000 00000000 00000000 41A00000
S10HYACT 1 73 5 1 0 115 4 2916 1 1 00000000 00000000 00000000 00000000 00000000 00000000 00000000 41A00000
S10HYACT 1 73 5 1 0 113 5 2915 1 1 00000000 00000000 00000000 00000000 00000000 00000000 00000000 41A00000
S10HYACT 1 73 5 1 0 113 5 2916 1 1 00000000 00000000 00000000 00000000 00000000 00000000 00000000 41A00000
S10HYACT 1 73 5 1 0 115 5 2915 1 1 00000000 00000000 00000000 00000000 00000000 00000000 00000000 41A00000
S10HYACT 1 73 5 1 0 115 5 2916 1 1 00000000 00000000 00000000 00000000 00000000 00000000 00000000 41A00000
S10HYACT 1 73 5 1 0 113 6 2915 1 1 00000000 00000000 00000000 00000000 00000000 00000000 00000000 41A00000
S10HYACT 1 73 5 1 0 113 6 2916 1 1 00000000 00000000 00000000 00000000 00000000 00000000 00000000 41A00000
S10HYACT 1 73 5 1 0 115 6 2915 1 1 00000000 00000000 00000000 00000000 00000000 00000000 00000000 41A00000
S10HYACT 1 73 5 1 0 115 6 2916 1 1 00000000 00000000 00000000 00000000 00000000 00000000 00000000 41A00000
S10HYACT 1 73 5 1 0 113 7 2915 1 1 00000000 00000000 00000000 00000000 00000000 00000000 00000000 41A00000
S10HYACT 1 73 5 1 0 113 7 2916 1 1 00000000 00000000 00000000 00000000 00000000 00000000 00000000 41A00000
S10HYACT 1 73 5 1 0 115 7 2915 1 1 00000000 00000000 00000000 00000000 00000000 00000000 00000000 41A00000
S10HYACT 1 73 5 1 0 115 7 2916 1 1 00000000 00000000 00000000 00000000 00000000 00000000 00000000 41A00000
S10HYACT 1 73 5 1 0 113 8 2915 1 1 00000000 00000000 00000000 00000000 00000000 00000000 00000000 41A00000
S10HYACT 1 73 5 1 0 113 8 2916 1 1 00000000 00000000 00000000 00000000 00000000 00000000 00000000 41A00000
S10HYACT 1 73 5 1 0 115 8 2915 1 1 00000000 00000000 00000000 00000000 00000000 00000000 00000000 41A00000
S10HYACT 1 73 5 1 0 115 8 2916 1 1 00000000 00000000 00000000 00000000 00000000 00000000 00000000 41A00000
S10HYACT 1 73 5 1 0 113 9 2915 1 1 00000000 00000000 00000000 00000000 00000000 00000000 00000000 41A00000
S10HYACT 1 73 5 1 0 113 9 2916 1 1 00000000 00000000 00000000 00000000 00000000 00000000 00000000 41A00000
S10HYACT 1 73 5 1 0 115 9 2915 1 1 00000000 00000000 00000000 00000000 00000000 00000000 00000000 41A00000
S10HYACT 1 73 5 1 0 115 9 2916 1 1 00000000 00000000 00000000 00000000 00000000 00000000 00000000 41A00000
S10HYACT 1 73 5 1 0 113 10 2915 1 1 00000000 00000000 00000000 00000000 00000000 00000000 00000000 41A00000
S10HYACT 1 73 5 1 0 113 10 2916 1 1 00000000 00000000 00000000 00000000 00000000 00000000 00000000 41A00000
S10HYACT 1 73 5 1 0 115 10 2915 1 1 00000000 00000000 00000000 00000000 00000000 00000000 00000000 41A00000
S10HYACT 1 73 5 1 0 115 10 2916 1 1 00000000 00000000 00000000 00000000 00000000 00000000 00000000 41A00000
S10HYACT 1 73 5 1 0 113 11 2915 1 1 00000000 00000000 00000000 00000000 00000000 00000000 00000000 41A00000
S10HYACT 1 73 5 1 0 113 11 2916 1 1 00000000 00000000 00000000 00000000 00000000 00000000 00000000 41A00000
S10HYACT 1 73 5 1 0 115 11 2915 1 1 00000000 00000000 00000000 00000000 00000000 00000000 00000000 41A00000
S10HYACT 1 73 5 1 0 115 11 2916 1 1 00000000 00000000 00000000 00000000 00000000 00000000 00000000 41A00000
S10HYACT 1 73 5 1 0 113 12 2915 1 1 00000000 00000000 00000000 00000000 00000000 00000000 00000000 41A00000
S10HYACT 1 73 5 1 0 113 12 2916 1 1 00000000 00000000 00000000 00000000 00000000 00000000 00000000 41A00000
S10HYACT 1 73 5 1 0 115 12 2915 1 1 00000000 00000000 00000000 00000000 00000000 00000000 00000000 41A00000
S10HYACT 1 73 5 1 0 115 12 2916 1 1 00000000 00000000 00000000 00000000 00000000 00000000 00000000 41A00000
S10HYACT 1 73 5 1 0 113 13 2915 1 1 00000000 00000000 00000000 00000000 00000000 00000000 00000000 41A00000
S10HYACT 1 73 5 1 0 113 13 2916 1 1 00000000 00000000 00000000 00000000 00000000 00000000 00000000 41A00000
S10HYACT 1 73 5 1 0 115 13 2915 1 1 00000000 00000000 00000000 00000000 00000000 00000000 00000000 41A00000
S10HYACT 1 73 5 1 0 115 13 2916 1 1 00000000 00000000 00000000 00000000 00000000 00000000 00000000 41A00000
S10HYACT 1 73 5 1 0 113 14 2915 1 1 00000000 00000000 00000000 00000000 00000000 00000000 00000000 41A00000
S10HYACT 1 73 5 1 0 113 14 2916 1 1 00000000 00000000 00000000 00000000 00000000 00000000 00000000 41A00000
S10HYACT 1 73 5 1 0 115 14 2915 1 1 00000000 00000000 00000000 00000000 00000000 00000000 00000000 41A00000
S10HYACT 1 73 5 1 0 115 14 2916 1 1 00000000 00000000 00000000 00000000 00000000 00000000 00000000 41A00000
S10HYACT 1 73 5 1 0 113 15 2915 1 1 00000000 00000000 00000000 00000000 00000000 00000000 00000000 41A00000
S10HYACT 1 73 5 1 0 113 15 2916 1 1 00000000 00000000 00000000 00000000 00000000 00000000 00000000 41A00000
S10HYACT 1 73 5 1 0 115 15 2915 1 1 00000000 00000000 00000000 00000000 00000000 00000000 00000000 41A00000
S10HYACT 1 73 5 1 0 115 15 2916 1 1 00000000 00000000 00000000 00000000 00000000 00000000 00000000 41A00000
S10HYACT 1 73 5 1 0 113 16 2915 1 1 00000000 00000000 00000000 00000000 00000000 00000000 00000000 41A00000
S10HYACT 1 73 5 1 0 113 16 2916 1 1 00000000 00000000 00000000 00000000 00000000 00000000 00000000 41A00000
S10HYACT 1 73 5 1 0 115 16 2915 1 1 00000000 00000000 00000000 00000000 00000000 00000000 00000000 41A00000
S10HYACT 1 73 5 1 0 115 16 2916 1 1 00000000 00000000 00000000 00000000 00000000 00000000 00000000 41A00000
S10HYACT 1 73 5 1 0 113 17 2824 1 1 00000000 36B4801F 00000000 00000000 00000000 00000000 31B8D51D 41A00000
S10HYACT 1 73 5 1 0 115 17 2824 1 1 00000000 3906A1F6 00000000 00000000 00000000 00000000 3409DD25 41A00000
S10HYACT 1 73 5 1 0 113 18 2824 1 1 00000000 371784BC 00000000 00000000 00000000 00000000 321B27AA 41A00000
S10HYACT 1 73 5 1 0 115 18 2824 1 1 00000000 380BE544 00000000 00000000 00000000 00000000 330F40C8 41A00000
S10HYACT 1 73 5 1 0 113 19 2824 1 1 00000000 37A3DB8E 00000000 00000000 00000000 00000000 32A7CA4C 41A00000
S10HYACT 1 73 5 1 0 115 19 2824 1 1 00000000 37619FCA 00000000 00000000 00000000 00000000 32670A06 41A00000
S10HYACT 1 73 5 1 0 113 20 2824 1 1 00000000 31FCFA6D 00000000 00000000 00000000 00000000 2D01865D 41A00000
S10HYACT 1 73 5 1 0 115 20 2824 1 1 00000000 330F58B0 00000000 00000000 00000000 00000000 2E12C968 41A00000
S10HYACT 1 73 5 1 0 113 21 2824 1 1 00000000 2F2B2FBC 00000000 00000000 00000000 00000000 2A2F4B81 41A00000
S10HYACT 1 73 5 1 0 115 21 2824 1 1 00000000 332CADF4 00000000 00000000 00000000 00000000 2E30D2E5 41A00000
S10HYACT 1 73 5 1 0 113 22 2824 1 1 00000000 31C46CB6 00000000 00000000 00000000 00000000 2CC9238B 41A00000
S10HYACT 1 73 5 1 0 115 22 2824 1 1 00000000 338685E5 00000000 00000000 00000000 00000000 2E89C067 41A00000
S10HYACT 1 73 5 1 0 113 23 2824 1 1 00000000 2CCDD65E 00000000 00000000 00000000 00000000 27D2C707 41A00000
S10HYACT 1 73 5 1 0 115 23 2824 1 1 00000000 338A8A3F 00000000 00000000 00000000 00000000 2E8DDD6F 41A00000
S10HYACT 1 73 5 1 0 113 24 2824 1 1 00000000 2A8144A2 00000000 00000000 00000000 00000000 25845EDC 41A00000
S10HYACT 1 73 5 1 0 115 24 2824 1 1 00000000 31CF23A2 00000000 00000000 00000000 00000000 2CD41C4B 41A00000
S10HYACT 1 73 5 1 0 113 25 2824 1 1 00000000 00000000 00000000 00000000 00000000 00000000 00000000 41A00000
S10HYACT 1 73 5 1 0 115 25 2824 1 1 00000000 00000000 00000000 00000000 00000000 00000000 00000000 41A00000
S10HYACT 1 73 5 1 0 113 26 2824 1 1 00000000 00000000 00000000 00000000 00000000 00000000 00000000 41A00000
S10HYACT 1 73 5 1 0 115 26 2824 1 1 00000000 00000000 00000000 00000000 00000000 00000000 00000000 41A00000
S10HYACT 1 73 5 1 0 113 27 2824 1 1 00000000 00000000 00000000 00000000 00000000 00000000 00000000 41A00000
S10HYACT 1 73 5 1 0 115 27 2824 1 1 00000000 00000000 00000000 00000000 00000000 00000000 00000000 41A00000
S10HYACT 1 73 5 1 0 113 28 2824 1 1 00000000 00000000 00000000 00000000 00000000 00000000 00000000 41A00000
S10HYACT 1 73 5 1 0 115 28 2824 1 1 00000000 00000000 00000000 00000000 00000000 00000000 00000000 41A00000
S10HYACT 1 73 5 1 0 113 29 2824 1 1 00000000 00000000 00000000 00000000 00000000 00000000 00000000 41A00000
S10HYACT 1 73 5 1 0 115 29 2824 1 1 00000000 00000000 00000000 00000000 00000000 00000000 00000000 41A00000
S10HYACT 1 73 5 1 0 113 30 2824 1 1 00000000 00000000 00000000 00000000 00000000 00000000 00000000 41A00000
S10HYACT 1 73 5 1 0 115 30 2824 1 1 00000000 00000000 00000000 00000000 00000000 00000000 00000000 41A00000
S10HYACT 1 73 5 1 0 113 31 2824 1 1 00000000 00000000 00000000 00000000 00000000 00000000 00000000 41A00000
S10HYACT 1 73 5 1 0 115 31 2824 1 1 00000000 00000000 00000000 00000000 00000000 00000000 00000000 41A00000
S10HYACT 1 73 5 1 0 113 32 2824 1 1 00000000 00000000 00000000 00000000 00000000 00000000 00000000 41A00000
S10HYACT 1 73 5 1 0 115 32 2824 1 1 00000000 00000000 00000000 00000000 00000000 00000000 00000000 41A00000
S10HYACT 1 73 5 1 0 113 33 2824 1 1 00000000 00000000 00000000 00000000 00000000 00000000 00000000 41A00000
S10HYACT 1 73 5 1 0 115 33 2824 1 1 00000000 00000000 00000000 00000000 00000000 00000000 00000000 41A00000
S10HYACT 1 73 5 1 0 113 34 2824 1 1 00000000 00000000 00000000 00000000 00000000 00000000 00000000 41A00000
S10HYACT 1 73 5 1 0 115 34 2824 1 1 00000000 00000000 00000000 00000000 00000000 00000000 00000000 41A00000
S10HYACT 1 73 5 1 0 113 35 2824 1 1 00000000 00000000 00000000 00000000 00000000 00000000 00000000 41A00000
S10HYACT 1 73 5 1 0 115 35 2824 1 1 00000000 00000000 00000000 00000000 00000000 00000000 00000000 41A00000
S10HYACT 1 73 5 1 0 113 36 2824 1 1 00000000 00000000 00000000 00000000 00000000 00000000 00000000 41A00000
S10HYACT 1 73 5 1 0 115 36 2824 1 1 00000000 00000000 00000000 00000000 00000000 00000000 00000000 41A00000
S10HYACT 1 73 5 1 0 113 37 2824 1 1 00000000 00000000 00000000 00000000 00000000 00000000 00000000 41A00000
S10HYACT 1 73 5 1 0 115 37 2824 1 1 00000000 00000000 00000000 00000000 00000000 00000000 00000000 41A00000
S10HYACT 1 73 5 1 0 113 38 2824 1 1 00000000 00000000 00000000 00000000 00000000 00000000 00000000 41A00000
S10HYACT 1 73 5 1 0 115 38 2824 1 1 00000000 00000000 00000000 00000000 00000000 00000000 00000000 41A00000
S10HYACT 1 73 5 1 0 113 39 2824 1 1 00000000 00000000 00000000 00000000 00000000 00000000 00000000 41A00000
S10HYACT 1 73 5 1 0 115 39 2824 1 1 00000000 00000000 00000000 00000000 00000000 00000000 00000000 41A00000
